# 随机运动数据 (x y)
0.056 0.070
-0.012 0.103
-0.022 0.100
0.020 0.093
0.147 0.051
0.335 -0.036
0.399 0.109
0.406 0.167
0.425 0.097
0.366 -0.031
0.506 0.092
0.335 0.195
0.332 0.183
0.243 0.151
0.258 0.145
0.237 0.044
0.200 0.051
0.210 0.050
0.342 -0.020
0.455 -0.005
0.513 -0.104
0.518 0.110
0.586 0.082
0.607 0.038
0.628 0.071
0.542 0.150
0.562 0.229
0.516 0.222
0.405 0.219
0.339 0.081
0.312 0.038
0.402 -0.025
0.433 0.031
0.421 -0.068
0.346 -0.006
0.479 0.131
0.594 0.168
0.553 0.173
0.423 0.045
0.480 0.023
0.537 0.278
0.601 0.120
0.629 0.263
0.612 0.349
0.521 0.285
0.529 0.331
0.529 0.311
0.375 0.366
0.341 0.396
0.243 0.432
0.180 0.456
0.060 0.456
-0.115 0.627
-0.191 0.666
-0.133 0.644
-0.167 0.560
-0.178 0.568
-0.124 0.692
-0.125 0.857
-0.006 1.002
-0.188 0.945
-0.142 1.019
-0.090 1.053
-0.134 1.077
-0.234 1.109
-0.327 1.177
-0.287 1.308
-0.335 1.355
-0.458 1.342
-0.335 1.357
-0.467 1.370
-0.540 1.381
-0.424 1.264
-0.575 1.283
-0.511 1.171
-0.530 0.952
-0.601 1.045
-0.572 0.930
-0.579 0.989
-0.714 1.021
-0.922 1.031
-1.014 1.134
-1.285 1.146
-1.198 1.144
-1.234 1.015
-1.230 1.055
-1.372 1.039
-1.232 1.149
-1.251 1.068
-1.085 1.080
-0.891 0.982
-0.887 1.081
-0.877 1.110
-0.987 1.041
-1.078 1.078
-1.010 1.114
-0.832 1.203
-0.873 1.034
-0.878 1.090
-0.807 1.223
-0.815 1.250
-0.792 1.047
-1.102 1.027
-1.090 1.043
-0.895 1.111
-0.903 1.114
-0.884 0.981
-0.772 1.026
-0.704 1.223
-0.660 1.059
-0.631 0.946
-0.582 0.835
-0.667 0.896
-0.667 0.923
-0.600 0.746
-0.614 0.880
-0.645 0.676
-0.570 0.684
-0.440 0.738
-0.287 0.754
-0.213 0.551
-0.015 0.559
0.077 0.366
0.075 0.371
0.096 0.382
0.063 0.291
-0.115 0.299
-0.179 0.307
-0.039 0.415
-0.024 0.307
0.101 0.260
0.034 0.241
-0.001 0.116
-0.001 0.223
-0.035 0.088
-0.185 0.251
-0.285 0.303
-0.189 0.526
-0.272 0.685
-0.347 0.802
-0.441 0.887
-0.505 0.749
-0.298 0.943
-0.268 0.983
-0.385 0.873
-0.410 0.923
-0.528 0.827
-0.356 0.679
-0.383 0.715
-0.364 0.861
-0.357 0.913
-0.171 0.839
-0.207 0.646
-0.144 0.652
-0.062 0.362
0.096 0.389
-0.001 0.546
-0.067 0.381
-0.017 0.417
-0.013 0.456
-0.017 0.626
0.047 0.665
0.073 0.734
0.196 0.732
0.238 0.764
0.213 0.719
0.158 0.635
0.174 0.684
0.101 0.687
0.060 0.656
-0.081 0.722
-0.360 0.617
-0.272 0.511
-0.342 0.326
-0.334 0.185
-0.394 0.166
-0.396 0.229
-0.330 0.210
-0.405 0.125
-0.591 0.124
-0.637 0.196
-0.730 -0.044
-0.774 -0.018
-0.890 -0.022
-0.797 0.120
-0.697 -0.074
-0.767 0.037
-0.881 0.045
-0.868 0.052
-0.797 0.197
-0.844 0.058
-0.776 -0.128
-0.831 -0.169
-0.886 -0.085
-0.678 0.008
-0.609 -0.121
-0.589 -0.090
-0.639 0.093
-0.631 0.321
-0.411 0.203
-0.497 0.064
-0.673 0.121
-0.740 0.090
-0.973 0.092
-0.911 0.009
-0.923 0.145
-0.820 0.076
-0.619 0.347
-0.476 0.281
-0.321 0.119
-0.348 0.004
-0.365 0.034
-0.507 -0.179
-0.627 -0.053
-0.609 -0.123
-0.688 -0.171
-0.925 -0.007
-0.937 0.068
-0.894 0.097
-0.913 0.012
-1.093 -0.125
-0.910 -0.085
-0.889 -0.018
-0.816 -0.105
-0.726 -0.145
-0.813 -0.162
-0.855 0.047
-0.839 0.044
-0.777 -0.013
-0.872 -0.049
-1.017 -0.179
-1.002 -0.050
-0.930 -0.006
-0.977 -0.140
-1.031 -0.178
-0.963 -0.151
-0.960 -0.218
-0.962 -0.298
-0.939 -0.337
-1.034 -0.124
-1.065 -0.059
-0.980 -0.102
-1.114 -0.133
-1.110 -0.039
-1.262 -0.029
-1.304 0.255
-1.277 0.092
-1.342 0.139
-1.210 0.000
-1.164 -0.058
-1.162 -0.052
-1.201 -0.100
-1.113 0.081
-1.210 0.141
-1.091 0.222
-1.180 0.158
-1.235 0.157
-1.205 0.253
-1.176 0.040
-1.114 0.166
-1.012 0.114
-0.951 0.259
-0.900 0.243
-0.966 0.283
-1.092 0.303
-1.237 0.339
-1.196 0.359
-1.277 0.363
-1.445 0.315
-1.354 0.165
-1.281 0.199
-1.196 0.134
-1.036 0.190
-1.281 0.240
-1.197 0.228
-1.276 0.290
-1.203 0.200
-1.194 0.008
-1.495 -0.131
-1.500 -0.075
-1.555 -0.048
-1.704 -0.015
-1.847 -0.176
-1.738 -0.092
-1.841 -0.191
-1.784 -0.105
-1.830 -0.014
-1.942 -0.220
-1.838 -0.346
-2.017 -0.276
-1.944 -0.161
-1.940 -0.134
-2.095 -0.120
-2.218 -0.103
-2.385 -0.197
-2.453 -0.143
-2.424 -0.147
-2.310 -0.117
-2.150 -0.045
-2.064 0.040
-2.143 -0.000
-2.215 0.095
-1.992 0.003
-1.921 0.048
-1.885 0.051
-1.838 0.102
-1.658 0.197
-1.887 0.090
-2.027 0.128
-2.057 0.221
-1.848 0.242
-1.963 0.197
-1.993 0.229
-2.114 0.355
-1.974 0.333
-1.973 0.408
-1.957 0.515
-2.083 0.492
-1.986 0.462
-2.165 0.400
-2.121 0.340
-1.996 0.427
-1.979 0.512
-2.005 0.437
-1.907 0.516
-1.989 0.590
-2.059 0.597
-2.074 0.513
-2.176 0.295
-2.159 0.509
-1.996 0.519
-1.943 0.622
-2.039 0.548
-2.086 0.503
-2.233 0.549
-2.378 0.538
-2.430 0.482
-2.548 0.490
-2.630 0.378
-2.531 0.313
-2.589 0.154
-2.511 0.158
-2.626 -0.066
-2.585 -0.164
-2.651 -0.179
-2.660 -0.053
-2.654 -0.020
-2.643 -0.066
-2.717 0.110
-2.782 0.253
-2.891 0.357
-2.917 0.285
-2.991 0.309
-3.049 0.342
-3.078 0.432
-3.041 0.219
-3.146 0.351
-3.156 0.215
-3.310 0.292
-3.445 0.200
-3.551 0.131
-3.707 0.011
-3.611 -0.015
-3.670 0.017
-3.796 -0.003
-3.772 -0.250
-3.723 -0.283
-3.704 -0.503
-3.542 -0.618
-3.624 -0.741
-3.613 -0.817
-3.716 -0.736
-3.600 -0.792
-3.541 -0.685
-3.646 -0.656
-3.752 -0.701
-3.706 -0.748
-3.849 -0.704
-3.791 -0.669
-3.825 -0.517
-3.896 -0.509
-3.702 -0.439
-3.735 -0.348
-3.674 -0.326
-3.606 -0.437
-3.453 -0.438
-3.667 -0.232
-3.639 -0.350
-3.696 -0.158
-3.645 -0.030
-3.601 0.158
-3.594 0.174
-3.538 0.253
-3.610 0.355
-3.457 0.289
-3.416 0.215
-3.285 -0.038
-3.412 0.043
-3.303 -0.113
-3.203 -0.099
-3.257 0.022
-3.398 0.113
-3.325 0.140
-3.266 0.283
-3.386 0.376
-3.389 0.221
-3.539 0.129
-3.428 0.196
-3.499 0.265
-3.330 0.107
-3.350 -0.075
-3.291 0.101
-3.152 0.076
-3.068 -0.037
-3.233 -0.040
-3.358 0.094
-3.513 0.258
-3.297 0.286
-3.256 0.203
-3.107 -0.056
-3.068 0.014
-2.900 -0.084
-2.908 -0.058
-2.958 -0.124
-2.838 -0.140
-2.855 -0.146
-3.011 -0.036
-2.894 -0.043
-2.889 -0.045
-2.897 0.187
-2.914 0.024
-2.821 0.040
-3.054 0.011
-3.058 -0.002
-3.046 0.097
-2.921 0.283
-2.899 0.406
-2.782 0.504
-2.879 0.550
-2.903 0.589
-2.860 0.801
-2.748 0.777
-2.657 0.732
-2.606 0.787
-2.589 0.809
-2.603 0.715
-2.649 0.696
-2.736 0.677
-2.773 0.897
-2.810 0.963
-2.791 0.968
-2.907 0.942
-2.760 1.050
-2.614 0.893
-2.675 0.906
-2.588 0.873
-2.630 0.801
-2.657 0.664
-2.853 0.681
-2.882 0.582
-2.806 0.667
-2.805 0.696
-2.898 0.751
-2.904 0.571
-2.794 0.621
-2.754 0.603
-2.659 0.524
-2.473 0.418
-2.380 0.401
-2.321 0.554
-2.305 0.605
-2.431 0.427
-2.504 0.413
-2.443 0.387
-2.584 0.408
-2.660 0.547
-2.832 0.592
-2.825 0.801
-2.733 0.660
-2.753 0.558
-2.689 0.687
-2.787 0.633
-2.689 0.715
-2.673 0.486
-2.575 0.405
-2.471 0.655
-2.617 0.589
-2.562 0.653
-2.589 0.740
-2.399 0.934
-2.276 1.058
-2.268 1.212
-2.186 1.146
-2.215 1.216
-2.244 1.075
-2.295 1.152
-2.174 1.061
-2.135 0.968
-2.114 0.883
-2.106 0.952
-2.118 1.074
-2.138 1.095
-2.137 0.988
-2.158 0.961
-2.241 1.020
-2.318 0.905
-2.202 0.989
-2.146 0.700
-2.253 0.658
-2.250 0.548
-2.267 0.683
-2.377 0.660
-2.338 0.635
-2.247 0.720
-2.317 0.846
-2.309 0.990
-2.396 0.825
-2.476 0.873
-2.324 0.743
-2.263 0.932
-2.277 0.908
-2.240 0.979
-2.204 0.930
-2.333 0.840
-2.329 0.922
-2.332 0.758
-2.243 0.864
-2.149 0.741
-2.147 0.716
-1.940 0.797
-1.990 0.821
-2.054 0.820
-2.135 0.830
-2.250 0.790
-2.182 0.720
-2.194 0.785
-2.335 0.798
-2.411 0.648
-2.360 0.687
-2.318 0.609
-2.344 0.728
-2.307 0.711
-2.424 0.621
-2.718 0.577
-2.672 0.658
-2.502 0.752
-2.537 0.583
-2.547 0.564
-2.531 0.418
-2.632 0.368
-2.655 0.377
-2.753 0.368
-2.819 0.307
-2.893 0.184
-2.907 0.039
-2.993 0.092
-3.029 -0.032
-2.906 0.070
-2.702 0.087
-2.621 0.007
-2.693 0.049
-2.743 0.224
-2.783 0.303
-2.905 0.342
-2.889 0.428
-2.878 0.518
-2.759 0.548
-2.748 0.701
-2.641 0.806
-2.692 0.708
-2.595 0.713
-2.519 0.850
-2.513 0.934
-2.449 0.890
-2.329 0.906
-2.343 0.887
-2.340 0.808
-2.155 0.784
-1.983 0.814
-1.912 0.828
-1.950 0.815
-1.985 0.824
-2.023 0.767
-2.097 0.780
-2.202 0.701
-2.322 0.679
-2.479 0.690
-2.562 0.664
-2.488 0.681
-2.456 0.702
-2.479 0.939
-2.435 0.933
-2.454 0.940
-2.556 0.923
-2.530 0.795
-2.498 0.769
-2.505 0.740
-2.700 0.683
-2.707 0.569
-2.714 0.543
-2.580 0.468
-2.407 0.494
-2.384 0.583
-2.217 0.558
-2.262 0.514
-2.237 0.702
-2.263 0.583
-2.360 0.519
-2.249 0.570
-2.180 0.675
-2.033 0.702
-1.915 0.536
-1.954 0.327
-1.913 0.327
-1.892 0.422
-1.928 0.543
-1.845 0.408
-1.874 0.306
-1.878 0.371
-1.752 0.520
-1.775 0.687
-1.765 0.842
-1.753 0.826
-1.838 0.810
-1.720 0.799
-1.790 0.699
-1.768 0.773
-1.740 0.814
-1.633 0.832
-1.736 0.867
-1.770 0.858
-1.699 0.810
-1.845 0.735
-1.939 0.730
-1.944 0.677
-2.073 0.708
-2.228 0.699
-2.285 0.708
-2.279 0.853
-2.409 0.985
-2.207 0.954
-2.325 0.900
-2.353 0.886
-2.249 0.892
-2.310 0.940
-2.250 1.061
-2.236 0.934
-2.417 0.959
-2.315 1.008
-2.413 1.075
-2.247 1.010
-2.245 0.829
-2.389 0.714
-2.516 0.782
-2.498 0.933
-2.573 0.926
-2.705 0.930
-2.708 0.888
-2.836 0.983
-2.734 1.073
-2.863 0.892
-2.911 0.906
-2.940 0.786
-2.981 0.810
-3.032 0.737
-2.994 0.768
-2.921 0.916
-3.079 0.834
-2.995 0.769
-3.053 0.793
-2.969 0.778
-2.857 0.591
-2.819 0.539
-2.866 0.606
-2.775 0.641
-2.670 0.502
-2.728 0.303
-2.758 0.295
-2.742 0.396
-2.753 0.362
-2.653 0.329
-2.654 0.462
-2.626 0.433
-2.605 0.573
-2.613 0.589
-2.554 0.307
-2.737 0.213
-2.876 0.081
-2.838 -0.075
-2.701 0.031
-2.540 0.148
-2.452 0.110
-2.575 0.122
-2.650 0.251
-2.630 0.386
-2.577 0.471
-2.551 0.694
-2.587 0.651
-2.432 0.713
-2.333 0.676
-2.501 0.621
-2.513 0.563
-2.496 0.520
-2.417 0.462
-2.487 0.462
-2.591 0.547
-2.589 0.822
-2.497 0.887
-2.446 0.990
-2.487 0.815
-2.588 0.798
-2.534 0.915
-2.562 0.970
-2.578 1.008
-2.455 1.018
-2.388 1.040
-2.412 1.138
-2.520 1.018
-2.455 1.013
-2.517 0.995
-2.327 1.214
-2.204 1.322
-2.235 1.375
-2.161 1.410
-2.212 1.549
-2.262 1.441
-2.236 1.544
-2.300 1.561
-2.313 1.532
-2.287 1.624
-2.355 1.616
-2.418 1.713
-2.529 1.869
-2.634 1.810
-2.703 1.929
-2.776 1.969
-2.545 2.103
-2.540 2.146
-2.571 2.096
-2.662 2.160
-2.588 1.978
-2.777 1.955
-2.842 2.033
-2.833 2.083
-2.745 2.004
-2.693 2.079
-2.860 2.074
-2.786 2.105
-2.698 2.008
-2.626 2.095
-2.461 1.945
-2.463 1.895
-2.430 1.797
-2.496 1.884
-2.563 1.963
-2.516 1.895
-2.583 1.960
-2.603 2.021
-2.730 2.020
-2.519 1.889
-2.556 1.755
-2.403 1.753
-2.467 1.608
-2.470 1.702
-2.480 1.691
-2.492 1.859
-2.482 1.891
-2.437 1.813
-2.220 1.666
-2.189 1.621
-2.142 1.458
-2.224 1.469
-2.275 1.443
-2.312 1.331
-2.343 1.491
-2.305 1.524
-2.249 1.296
-2.186 1.343
-2.213 1.451
-2.130 1.398
-2.212 1.366
-2.195 1.495
-2.137 1.637
-2.243 1.625
-2.164 1.635
-2.031 1.448
-1.813 1.409
-1.796 1.481
-1.787 1.565
-1.904 1.556
-1.865 1.730
-1.860 1.712
-1.973 1.868
-2.004 1.682
-2.224 1.684
-2.297 1.676
-2.292 1.471
-2.428 1.504
-2.379 1.612
-2.386 1.671
-2.524 1.581
-2.348 1.417
-2.317 1.342
-2.251 1.333
-2.283 1.338
-2.196 1.222
-2.071 1.205
-1.992 1.117
-2.131 1.184
-2.139 1.158
-2.149 1.109
-2.294 1.243
-2.243 1.226
-2.272 1.301
-2.284 1.157
-2.237 1.213
-2.352 1.352
-2.319 1.175
-2.439 1.303
-2.350 1.492
-2.294 1.514
-2.146 1.317
-2.109 1.429
-1.957 1.521
-1.940 1.451
-1.877 1.473
-1.674 1.260
-1.603 1.220
-1.824 1.191
-1.878 1.224
-1.739 1.261
-1.656 1.223
-1.702 1.156
-1.593 1.058
-1.612 1.104
-1.466 0.947
-1.432 0.975
-1.470 0.922
-1.462 0.878
-1.541 0.688
-1.622 0.730
-1.636 0.739
-1.574 0.708
-1.646 0.570
-1.724 0.631
-1.700 0.457
-1.755 0.538
-1.466 0.620
-1.522 0.638
-1.601 0.805
-1.639 0.866
-1.560 1.074
-1.551 1.009
-1.481 0.929
-1.522 0.861
-1.526 0.874
-1.492 0.878
-1.414 0.940
-1.673 0.806
-1.706 0.637
-1.616 0.769
-1.532 0.761
-1.401 0.782
-1.271 0.856
-1.302 0.993
-1.312 0.947
-1.211 0.788
-0.939 0.837
-0.938 0.687
-0.843 0.697
-1.001 0.710
-0.917 0.833
-1.083 0.867
-1.160 0.955
-1.154 0.902
-1.235 0.812
-1.297 0.706
-1.395 0.594
-1.194 0.599
-1.231 0.543
-1.252 0.304
-1.171 0.291
-1.134 0.135
-0.948 0.216
-0.925 0.156
-0.848 0.173
-0.791 0.159
-0.728 0.261
-0.850 0.471
-0.948 0.613
-0.871 0.653
-0.780 0.600
-0.814 0.670
-0.838 0.658
-0.777 0.709
-0.826 0.649
-0.903 0.812
-0.951 0.839
-1.000 0.887
-1.065 0.964
-0.974 0.958
-0.991 1.108
-0.837 1.134
-0.783 1.125
-0.824 1.349
-1.001 1.256
-0.912 1.136
-0.901 1.090
-1.103 1.126
-1.208 1.177
-1.159 1.065
-1.084 1.128
-1.022 1.080
-0.923 1.015
-0.978 0.986
-0.955 1.003
-0.995 1.041
-1.110 1.128
-1.242 1.044
-1.188 1.056
-1.078 1.149
-1.148 1.209
-1.095 1.138
-1.157 1.189
-1.042 1.169
-0.857 1.143
-0.906 1.145
-1.106 1.229
-1.071 1.341
-1.075 1.440
-0.903 1.329
-0.875 1.335
-0.919 1.460
-0.955 1.534
-0.872 1.450
-0.866 1.457
-0.881 1.498
-0.880 1.525
-0.835 1.345
-0.939 1.227
-0.957 1.287
-1.008 1.262
-1.049 1.302
-1.180 1.230
-1.221 1.267
-1.283 1.219
-1.409 1.351
-1.323 1.256
-1.107 1.191
-1.232 1.259
-1.181 1.137
-1.352 1.089
-1.299 0.941
-1.532 0.978
-1.569 1.042
-1.586 1.007
-1.471 0.970
-1.477 0.974
-1.541 0.843
-1.589 0.716
-1.718 0.704
-1.476 0.724
-1.539 0.656
-1.624 0.503
-1.699 0.496
-1.794 0.341
-1.513 0.327
-1.430 0.436
-1.484 0.562
-1.389 0.444
-1.247 0.596
-1.128 0.693
-1.040 0.680
-0.967 0.647
-0.876 0.708
-0.845 0.754
-0.819 0.784
-0.846 0.896
-0.916 1.057
-0.898 0.992
-0.976 0.972
-0.987 0.969
-0.911 1.034
-0.928 1.060
-1.041 0.976
-0.959 1.078
-1.037 1.112
-1.089 0.998
-1.123 1.255
-1.073 1.137
-1.129 1.087
-1.017 1.160
-1.085 1.098
-1.114 0.897
-1.197 0.921
-1.143 0.782
-1.227 0.784
-1.164 0.849
-1.106 0.943
-1.177 0.950
