# 直线运动数据 (x y)
1.012 2.038
1.129 1.957
1.004 1.931
1.070 1.926
0.980 2.062
1.061 2.028
0.947 2.038
1.017 2.005
1.022 1.906
1.092 2.091
1.007 2.054
1.100 1.988
0.994 2.088
1.047 1.908
1.080 1.983
1.128 2.145
1.129 2.014
1.117 2.049
1.028 2.015
1.015 2.042
1.152 1.990
1.113 2.077
1.150 2.061
1.116 2.069
1.129 2.165
1.144 2.041
1.040 2.083
1.167 2.119
1.101 2.032
1.186 2.127
1.207 2.024
1.171 2.067
1.304 2.037
1.079 2.129
1.195 2.144
1.104 2.148
1.247 2.094
1.143 2.101
1.142 2.133
1.237 2.063
1.199 2.156
1.184 2.091
1.283 2.205
1.233 2.098
1.204 1.995
1.217 2.074
1.194 1.994
1.213 2.122
1.245 2.159
1.236 2.167
1.217 2.205
1.294 2.216
1.183 2.159
1.289 2.193
1.237 2.196
1.220 2.147
1.215 2.138
1.291 2.235
1.301 2.109
1.318 2.081
1.293 2.122
1.333 2.109
1.306 2.110
1.384 2.137
1.288 2.196
1.378 2.189
1.314 2.212
1.324 2.163
1.355 2.188
1.344 2.202
1.221 2.090
1.355 2.137
1.315 2.210
1.320 2.289
1.401 2.341
1.398 2.221
1.395 2.221
1.414 2.170
1.403 2.219
1.402 2.229
1.423 2.193
1.447 2.205
1.364 2.197
1.379 2.251
1.404 2.265
1.340 2.202
1.350 2.288
1.408 2.226
1.359 2.334
1.416 2.260
1.358 2.295
1.500 2.239
1.488 2.291
1.490 2.319
1.463 2.289
1.509 2.306
1.500 2.192
1.471 2.262
1.419 2.260
1.537 2.223
1.456 2.313
1.469 2.291
1.546 2.342
1.690 2.306
1.489 2.264
1.506 2.342
1.518 2.342
1.542 2.325
1.509 2.305
1.654 2.252
1.536 2.376
1.516 2.331
1.538 2.358
1.470 2.348
1.570 2.393
1.616 2.372
1.540 2.343
1.622 2.333
1.549 2.324
1.599 2.294
1.612 2.388
1.629 2.316
1.666 2.335
1.580 2.450
1.627 2.434
1.638 2.320
1.658 2.419
1.565 2.327
1.719 2.350
1.593 2.322
1.623 2.432
1.679 2.434
1.689 2.340
1.673 2.435
1.722 2.318
1.662 2.515
1.694 2.507
1.697 2.348
1.664 2.415
1.611 2.402
1.754 2.393
1.724 2.367
1.680 2.473
1.636 2.417
1.630 2.384
1.770 2.484
1.745 2.349
1.770 2.411
1.801 2.409
1.670 2.479
1.871 2.533
1.704 2.398
1.743 2.399
1.746 2.518
1.814 2.542
1.849 2.476
1.867 2.462
1.863 2.435
1.762 2.512
1.811 2.459
1.797 2.451
1.793 2.407
1.812 2.497
1.798 2.446
1.695 2.534
1.878 2.469
1.832 2.525
1.882 2.511
1.835 2.526
1.844 2.377
1.867 2.422
1.797 2.541
1.852 2.720
1.902 2.522
1.874 2.528
1.924 2.502
1.942 2.456
1.855 2.588
1.907 2.590
1.891 2.539
1.874 2.552
1.954 2.404
1.869 2.630
1.942 2.552
1.950 2.519
1.936 2.648
1.986 2.449
1.981 2.590
1.966 2.591
2.015 2.533
1.988 2.633
1.905 2.546
2.025 2.606
1.940 2.498
1.955 2.555
1.976 2.540
1.939 2.547
2.008 2.645
1.994 2.741
2.058 2.606
1.964 2.662
1.980 2.608
1.994 2.610
2.005 2.544
1.942 2.663
2.074 2.655
2.063 2.585
2.105 2.573
2.049 2.691
2.032 2.615
1.940 2.606
2.123 2.645
2.080 2.602
2.090 2.646
2.003 2.768
2.133 2.676
2.144 2.657
2.090 2.735
2.068 2.617
2.003 2.718
2.138 2.688
2.146 2.793
2.054 2.694
2.209 2.744
2.116 2.621
2.068 2.690
2.123 2.649
2.028 2.600
2.179 2.656
2.052 2.738
2.181 2.732
2.237 2.710
2.210 2.762
2.252 2.701
2.174 2.684
2.289 2.769
2.110 2.664
2.222 2.740
2.254 2.756
2.239 2.644
2.219 2.721
2.159 2.760
2.206 2.732
2.234 2.776
2.193 2.687
2.218 2.781
2.175 2.782
2.309 2.737
2.207 2.815
2.232 2.743
2.269 2.840
2.257 2.672
2.246 2.702
2.318 2.788
2.198 2.836
2.245 2.780
2.239 2.931
2.203 2.811
2.252 2.750
2.352 2.755
2.379 2.776
2.287 2.803
2.196 2.792
2.292 2.740
2.312 2.772
2.337 2.741
2.378 2.852
2.448 2.768
2.338 2.866
2.371 2.865
2.284 2.743
2.358 2.813
2.367 2.766
2.364 2.864
2.349 2.832
2.442 2.844
2.335 2.826
2.385 2.797
2.320 2.798
2.390 2.846
2.399 2.859
2.313 2.862
2.380 2.889
2.372 2.795
2.392 2.876
2.388 2.905
2.525 2.891
2.442 2.849
2.452 2.889
2.402 2.842
2.517 2.781
2.425 2.875
2.479 2.930
2.632 2.821
2.419 2.908
2.481 2.909
2.445 2.879
2.538 2.872
2.563 2.820
2.510 2.939
2.513 2.833
2.467 2.930
2.564 2.947
2.486 2.813
2.492 2.965
2.549 2.870
2.544 2.949
2.579 2.900
2.552 2.943
2.618 2.799
2.524 2.935
2.562 2.897
2.614 2.823
2.577 2.924
2.616 3.010
2.545 2.975
2.609 2.948
2.633 3.022
2.674 2.949
2.594 3.006
2.573 2.955
2.754 2.993
2.575 3.003
2.650 2.927
2.662 3.038
2.473 2.998
2.700 3.012
2.514 2.914
2.571 3.025
2.656 3.052
2.542 2.981
2.605 3.036
2.645 2.991
2.660 3.052
2.625 3.059
2.694 3.036
2.653 3.018
2.687 3.062
2.735 2.976
2.757 2.954
2.733 2.996
2.696 2.943
2.698 3.082
2.712 2.974
2.716 3.066
2.712 3.039
2.680 3.051
2.680 3.131
2.759 2.998
2.703 3.078
2.770 3.035
2.728 3.007
2.711 3.082
2.767 3.009
2.794 2.989
2.831 2.997
2.802 3.086
2.705 3.035
2.729 3.083
2.799 3.087
2.759 3.127
2.840 3.022
2.800 3.185
2.835 2.995
2.849 3.041
2.808 3.149
2.769 3.125
2.784 3.123
2.806 3.143
2.821 3.025
2.894 3.092
2.851 3.099
2.850 3.146
2.902 3.212
2.828 3.082
2.914 3.173
2.869 3.121
2.915 3.143
2.920 3.104
2.886 3.153
2.874 3.219
2.865 3.109
2.916 3.195
2.931 3.152
3.018 3.199
2.917 3.120
3.019 3.142
2.881 3.138
2.970 3.280
2.885 3.106
3.010 3.176
2.998 3.288
3.041 3.221
2.957 3.208
2.896 3.147
2.953 3.252
2.984 3.155
2.966 3.220
3.002 3.123
3.047 3.126
3.073 3.129
3.009 3.058
3.005 3.276
2.972 3.288
2.934 3.244
3.069 3.195
2.997 3.229
2.980 3.148
3.035 3.161
2.996 3.196
3.073 3.357
3.043 3.205
3.007 3.171
2.976 3.158
3.119 3.197
3.067 3.223
2.997 3.272
3.069 3.189
3.211 3.204
3.122 3.249
2.989 3.313
3.140 3.272
3.152 3.362
3.146 3.200
3.164 3.317
3.162 3.253
3.151 3.333
3.042 3.213
3.127 3.324
3.116 3.276
3.133 3.271
3.147 3.278
3.193 3.283
3.193 3.269
3.129 3.275
3.224 3.299
3.213 3.305
3.153 3.259
3.141 3.298
3.209 3.349
3.151 3.226
3.193 3.335
3.224 3.374
3.236 3.386
3.212 3.269
3.162 3.326
3.207 3.341
3.224 3.309
3.245 3.351
3.308 3.321
3.176 3.361
3.273 3.414
3.322 3.371
3.326 3.320
3.261 3.374
3.352 3.383
3.265 3.334
3.318 3.346
3.258 3.425
3.238 3.321
3.288 3.324
3.366 3.416
3.308 3.403
3.356 3.311
3.325 3.394
3.383 3.363
3.294 3.363
3.321 3.350
3.334 3.363
3.341 3.360
3.396 3.460
3.370 3.354
3.402 3.443
3.377 3.434
3.407 3.427
3.404 3.384
3.419 3.371
3.331 3.444
3.438 3.369
3.317 3.434
3.356 3.450
3.351 3.534
3.404 3.515
3.426 3.452
3.421 3.373
3.382 3.520
3.507 3.449
3.478 3.421
3.471 3.486
3.486 3.425
3.366 3.542
3.407 3.475
3.428 3.500
3.502 3.438
3.414 3.426
3.565 3.416
3.453 3.495
3.475 3.516
3.512 3.504
3.500 3.443
3.470 3.557
3.418 3.445
3.512 3.540
3.522 3.432
3.604 3.579
3.518 3.428
3.575 3.542
3.516 3.581
3.498 3.516
3.535 3.533
3.530 3.560
3.481 3.578
3.580 3.485
3.556 3.545
3.538 3.572
3.530 3.547
3.533 3.568
3.528 3.511
3.629 3.574
3.600 3.624
3.568 3.642
3.603 3.563
3.565 3.640
3.663 3.520
3.601 3.488
3.666 3.530
3.648 3.606
3.600 3.531
3.654 3.530
3.619 3.516
3.507 3.597
3.661 3.626
3.653 3.494
3.662 3.655
3.661 3.639
3.615 3.612
3.709 3.580
3.703 3.605
3.666 3.606
3.699 3.639
3.736 3.613
3.700 3.652
3.643 3.560
3.721 3.658
3.859 3.629
3.783 3.626
3.684 3.596
3.735 3.652
3.707 3.636
3.779 3.708
3.762 3.657
3.827 3.676
3.815 3.734
3.756 3.599
3.726 3.683
3.710 3.664
3.737 3.712
3.821 3.642
3.795 3.667
3.709 3.715
3.818 3.610
3.787 3.590
3.816 3.628
3.830 3.682
3.818 3.698
3.861 3.681
3.851 3.756
3.831 3.690
3.889 3.747
3.832 3.698
3.786 3.728
3.838 3.676
3.840 3.786
3.861 3.827
3.831 3.702
3.834 3.705
3.899 3.739
3.864 3.786
3.798 3.797
3.931 3.702
3.909 3.799
3.853 3.860
3.914 3.792
3.869 3.676
3.937 3.708
3.911 3.672
4.031 3.771
4.096 3.770
3.911 3.747
3.851 3.667
3.934 3.830
3.960 3.774
3.934 3.772
3.919 3.696
3.973 3.760
3.953 3.761
3.996 3.791
3.957 3.756
4.056 3.800
4.105 3.738
4.048 3.772
4.080 3.834
4.158 3.861
4.030 3.772
4.056 3.740
4.006 3.856
4.002 3.782
3.993 3.840
4.045 3.748
3.983 3.847
4.067 3.822
4.015 3.796
4.081 3.813
4.025 3.853
4.109 3.809
4.148 3.779
4.076 3.936
4.045 3.935
4.064 3.806
4.020 3.847
4.028 3.870
4.138 3.872
4.127 3.719
4.067 3.870
4.130 3.852
4.066 3.920
4.231 3.838
4.128 3.873
4.118 3.856
4.107 3.874
4.102 3.985
4.120 3.956
4.218 3.839
4.152 3.897
4.131 3.879
4.200 3.920
4.204 3.971
4.183 3.861
4.119 3.924
4.176 3.945
4.169 3.890
4.243 3.961
4.206 3.939
4.211 3.787
4.182 3.912
4.264 4.019
4.186 3.866
4.282 3.965
4.292 3.965
4.350 3.873
4.265 4.002
4.257 3.968
4.397 3.858
4.258 3.981
4.322 3.960
4.281 3.950
4.223 4.049
4.406 3.922
4.257 3.975
4.237 3.921
4.393 4.016
4.386 3.925
4.367 4.015
4.337 3.970
4.326 4.066
4.225 3.904
4.379 3.968
4.274 4.024
4.329 4.088
4.379 3.990
4.338 3.990
4.324 3.999
4.331 4.015
4.334 4.024
4.283 4.050
4.321 4.016
4.427 3.985
4.426 3.938
4.451 4.139
4.419 3.960
4.475 3.944
4.363 4.114
4.479 3.994
4.397 4.012
4.454 4.027
4.302 4.029
4.498 4.087
4.402 4.071
4.485 4.003
4.478 4.055
4.388 4.074
4.507 3.993
4.386 4.057
4.447 4.105
4.495 4.030
4.530 4.052
4.496 4.066
4.514 4.126
4.460 4.133
4.468 4.057
4.503 4.134
4.484 4.040
4.587 4.026
4.497 4.105
4.444 4.183
4.527 4.104
4.465 4.161
4.525 4.159
4.655 4.145
4.497 4.067
4.541 4.148
4.593 4.084
4.498 4.114
4.556 4.179
4.603 4.095
4.637 4.154
4.612 4.199
4.566 4.106
4.546 4.178
4.602 4.151
4.586 4.073
4.635 4.164
4.657 4.279
4.561 4.233
4.618 4.237
4.599 4.201
4.747 4.156
4.599 4.154
4.711 4.170
4.619 4.230
4.675 4.236
4.658 4.155
4.667 4.199
4.702 4.220
4.757 4.175
4.680 4.183
4.746 4.168
4.643 4.154
4.688 4.157
4.748 4.190
4.772 4.223
4.654 4.274
4.692 4.247
4.703 4.334
4.729 4.213
4.808 4.144
4.696 4.211
4.710 4.322
4.683 4.275
4.845 4.227
4.763 4.318
4.738 4.143
4.769 4.178
4.753 4.299
4.772 4.253
4.704 4.193
4.832 4.327
4.800 4.302
4.850 4.280
4.797 4.273
4.784 4.248
4.726 4.218
4.786 4.344
4.727 4.295
4.792 4.219
4.744 4.284
4.815 4.306
4.758 4.238
4.900 4.260
4.813 4.352
4.855 4.254
4.815 4.291
4.950 4.281
4.785 4.389
4.904 4.284
4.942 4.287
4.915 4.483
4.875 4.368
4.797 4.359
4.923 4.356
4.881 4.264
4.892 4.323
4.967 4.296
4.826 4.409
4.886 4.406
5.024 4.389
4.993 4.401
4.881 4.278
4.944 4.363
4.997 4.329
4.935 4.324
4.949 4.454
4.966 4.497
4.924 4.405
4.910 4.448
5.021 4.415
4.934 4.398
4.964 4.393
4.984 4.360
4.974 4.358
4.982 4.405
5.051 4.456
5.057 4.440
5.012 4.363
5.125 4.365
5.029 4.461
5.006 4.368
4.998 4.440
5.092 4.384
5.066 4.360
5.032 4.443
5.117 4.441
4.996 4.454
5.098 4.447
5.111 4.558
5.073 4.419
5.057 4.396
5.067 4.489
5.061 4.405
5.028 4.452
5.132 4.506
5.148 4.505
5.184 4.557
5.146 4.475
5.038 4.512
5.122 4.466
5.087 4.554
5.072 4.456
5.081 4.515
5.151 4.489
5.227 4.556
5.131 4.553
5.154 4.503
5.248 4.507
5.188 4.579
5.148 4.530
5.181 4.511
5.181 4.603
5.063 4.501
5.314 4.560
5.264 4.425
5.188 4.544
5.125 4.422
5.270 4.509
5.225 4.589
5.276 4.535
5.281 4.564
5.326 4.505
5.318 4.546
5.169 4.599
5.288 4.486
5.233 4.443
5.189 4.570
5.258 4.616
5.354 4.585
5.306 4.588
5.285 4.522
5.326 4.481
5.294 4.550
5.246 4.603
5.298 4.641
5.416 4.546
5.345 4.558
5.394 4.561
5.281 4.559
5.409 4.558
5.248 4.617
5.373 4.636
5.476 4.546
5.230 4.552
5.324 4.619
5.394 4.600
5.378 4.596
5.367 4.574
5.402 4.572
5.377 4.495
5.448 4.578
5.540 4.596
5.427 4.601
5.476 4.619
5.354 4.737
5.431 4.649
5.400 4.727
5.412 4.645
5.369 4.646
5.458 4.717
5.451 4.563
5.478 4.623
5.414 4.521
5.476 4.678
5.434 4.604
5.443 4.696
5.513 4.684
5.450 4.590
5.417 4.568
5.459 4.790
5.498 4.682
5.420 4.733
5.541 4.777
5.455 4.659
5.486 4.724
5.443 4.642
5.446 4.723
5.525 4.606
5.608 4.724
5.595 4.691
5.464 4.686
5.536 4.820
5.488 4.612
5.512 4.831
5.620 4.635
5.462 4.713
5.586 4.807
5.482 4.681
5.560 4.757
5.674 4.685
5.629 4.812
5.611 4.722
5.698 4.783
5.594 4.665
5.613 4.812
5.603 4.659
5.560 4.693
5.610 4.785
5.644 4.884
5.492 4.752
5.664 4.751
5.647 4.749
5.636 4.842
5.643 4.879
5.726 4.778
5.667 4.776
5.727 4.860
5.689 4.796
5.657 4.851
5.677 4.759
5.677 4.718
5.690 4.835
5.712 4.782
5.667 4.761
5.690 4.777
5.749 4.789
5.732 4.833
5.650 4.824
5.717 4.815
5.770 4.852
5.698 4.832
5.682 4.875
5.676 4.790
5.759 4.825
5.858 4.805
5.793 4.866
5.762 4.858
5.732 4.811
5.760 4.870
5.831 4.956
5.800 4.767
5.773 4.892
5.669 4.929
5.863 4.826
5.751 4.893
5.800 4.908
5.831 4.896
5.759 4.873
5.813 4.846
5.772 4.858
5.844 4.876
5.816 4.998
5.825 4.922
5.889 4.873
5.797 4.929
5.861 4.820
5.883 4.966
5.959 4.830
5.935 4.884
5.846 4.927
5.956 4.996
5.844 4.949
5.922 5.018
5.853 5.019
5.987 4.948
5.922 4.870
5.850 4.936
5.887 4.951
5.901 4.861
5.835 4.960
5.863 4.883
5.957 4.919
5.882 4.964
5.901 5.040
5.970 4.940
5.986 5.005
5.939 4.912
6.001 5.066
5.984 4.987
6.068 4.954
6.010 4.935
5.927 5.043
5.952 5.023
5.930 5.038
