# 圆周运动数据 (x y)
1.986 0.034
2.072 0.031
1.996 0.089
1.978 0.050
1.920 0.103
1.971 0.060
1.938 0.130
1.969 0.147
1.964 0.122
1.968 0.123
1.942 0.214
2.021 0.189
2.096 0.208
2.088 0.258
1.972 0.275
2.021 0.284
2.063 0.328
2.010 0.361
2.039 0.408
2.012 0.382
2.032 0.506
1.955 0.393
1.962 0.469
2.070 0.483
1.889 0.441
2.000 0.464
1.947 0.490
1.948 0.497
1.936 0.526
1.885 0.542
1.929 0.534
1.949 0.577
1.905 0.657
1.782 0.559
1.945 0.664
1.885 0.663
1.918 0.625
1.844 0.709
1.892 0.718
1.808 0.796
1.795 0.833
1.836 0.755
1.834 0.767
1.716 0.843
1.810 0.895
1.845 0.846
1.828 0.905
1.791 0.941
1.799 0.978
1.755 0.944
1.749 0.948
1.686 0.965
1.762 0.977
1.781 1.001
1.789 1.030
1.750 1.068
1.706 1.055
1.654 1.046
1.715 1.113
1.686 1.095
1.709 1.104
1.705 1.163
1.637 1.120
1.587 1.152
1.570 1.232
1.612 1.225
1.599 1.283
1.496 1.239
1.515 1.324
1.546 1.245
1.557 1.265
1.523 1.339
1.381 1.249
1.492 1.380
1.513 1.327
1.440 1.330
1.435 1.428
1.437 1.505
1.448 1.361
1.418 1.401
1.442 1.441
1.383 1.432
1.428 1.571
1.328 1.562
1.357 1.487
1.319 1.553
1.252 1.535
1.281 1.512
1.319 1.512
1.301 1.560
1.281 1.615
1.302 1.612
1.161 1.599
1.247 1.508
1.190 1.632
1.231 1.643
1.180 1.713
1.173 1.658
1.060 1.680
1.050 1.587
1.098 1.644
1.066 1.754
1.094 1.728
1.015 1.645
1.135 1.797
0.962 1.757
1.025 1.757
0.876 1.771
0.847 1.713
0.969 1.819
1.026 1.809
0.874 1.797
0.894 1.852
0.723 1.781
0.795 1.827
0.865 1.744
0.790 1.877
0.792 1.828
0.726 1.786
0.786 1.828
0.739 1.818
0.689 1.928
0.737 1.878
0.700 1.806
0.677 1.849
0.657 1.934
0.653 1.910
0.599 1.885
0.568 1.904
0.650 1.935
0.597 1.935
0.564 1.995
0.498 1.956
0.566 1.879
0.443 1.995
0.466 1.948
0.411 1.963
0.389 1.951
0.378 1.857
0.382 1.962
0.339 1.983
0.295 1.967
0.287 1.904
0.217 1.945
0.232 1.893
0.260 1.978
0.279 1.989
0.210 1.915
0.160 1.938
0.183 2.074
0.144 2.031
0.085 1.965
0.126 1.977
-0.036 2.056
0.064 2.032
0.145 1.968
0.026 1.862
0.089 2.028
0.006 2.068
-0.052 2.011
-0.011 1.992
-0.072 2.013
-0.110 2.057
-0.144 1.953
-0.152 1.985
-0.073 2.018
-0.148 1.977
-0.202 2.069
-0.202 2.000
-0.285 2.008
-0.244 2.008
-0.288 1.955
-0.252 2.036
-0.326 1.982
-0.379 1.937
-0.331 1.933
-0.349 2.033
-0.372 1.985
-0.403 1.896
-0.345 1.987
-0.414 1.960
-0.456 1.996
-0.504 2.040
-0.547 1.919
-0.546 1.921
-0.583 1.914
-0.600 1.892
-0.526 2.004
-0.583 1.844
-0.537 1.890
-0.628 1.870
-0.695 1.899
-0.626 1.942
-0.673 1.788
-0.639 1.862
-0.765 1.892
-0.781 1.865
-0.815 1.814
-0.779 1.799
-0.894 1.867
-0.793 1.861
-0.773 1.783
-0.776 1.807
-0.904 1.759
-1.049 1.825
-0.949 1.852
-0.947 1.744
-0.930 1.743
-0.921 1.763
-1.018 1.699
-1.053 1.770
-1.049 1.785
-0.973 1.707
-1.065 1.713
-1.204 1.581
-0.997 1.643
-1.104 1.713
-1.094 1.775
-1.069 1.709
-1.123 1.665
-1.117 1.621
-1.260 1.621
-1.214 1.567
-1.266 1.523
-1.210 1.467
-1.284 1.588
-1.305 1.513
-1.235 1.444
-1.364 1.435
-1.284 1.498
-1.319 1.517
-1.324 1.481
-1.358 1.433
-1.367 1.391
-1.385 1.390
-1.408 1.406
-1.388 1.406
-1.456 1.424
-1.546 1.406
-1.477 1.272
-1.495 1.422
-1.450 1.328
-1.478 1.241
-1.517 1.292
-1.461 1.362
-1.515 1.334
-1.522 1.297
-1.594 1.274
-1.531 1.305
-1.612 1.235
-1.698 1.215
-1.577 1.089
-1.630 1.070
-1.593 1.118
-1.655 1.185
-1.684 1.071
-1.693 1.090
-1.655 1.067
-1.791 1.071
-1.620 1.025
-1.769 0.890
-1.694 1.038
-1.806 0.959
-1.787 0.953
-1.762 0.900
-1.690 0.967
-1.765 0.889
-1.771 0.905
-1.712 0.851
-1.837 0.861
-1.812 0.909
-1.782 0.892
-1.877 0.628
-1.760 0.911
-1.843 0.738
-1.834 0.758
-1.904 0.796
-1.854 0.699
-1.938 0.734
-1.934 0.646
-1.920 0.731
-2.003 0.708
-1.835 0.650
-1.873 0.579
-1.906 0.579
-1.879 0.587
-1.922 0.592
-1.967 0.417
-1.908 0.485
-1.918 0.542
-1.980 0.520
-1.905 0.415
-1.900 0.443
-1.835 0.339
-2.006 0.461
-2.081 0.455
-1.948 0.433
-1.922 0.417
-1.954 0.234
-1.998 0.252
-2.041 0.322
-1.995 0.214
-1.923 0.252
-2.033 0.191
-1.999 0.167
-2.007 0.317
-1.993 0.206
-1.962 0.120
-1.972 0.023
-2.002 0.103
-2.004 0.143
-2.027 0.125
-1.935 -0.022
-2.045 -0.031
-1.928 0.009
-1.996 0.013
-1.951 -0.033
-1.979 -0.005
-2.062 -0.111
-2.048 -0.073
-1.921 -0.082
-1.977 -0.132
-2.055 -0.129
-2.018 -0.237
-2.039 -0.155
-2.008 -0.139
-1.999 -0.313
-2.043 -0.183
-2.044 -0.292
-1.942 -0.265
-1.959 -0.288
-2.032 -0.304
-1.980 -0.320
-1.982 -0.393
-1.886 -0.388
-1.968 -0.483
-1.929 -0.463
-1.990 -0.378
-2.101 -0.454
-2.017 -0.440
-1.860 -0.573
-2.020 -0.516
-1.862 -0.431
-1.911 -0.595
-1.946 -0.556
-2.011 -0.550
-1.805 -0.666
-1.878 -0.629
-1.858 -0.655
-1.829 -0.605
-1.797 -0.705
-1.802 -0.664
-1.884 -0.812
-1.818 -0.811
-1.891 -0.726
-1.760 -0.749
-1.712 -0.841
-1.760 -0.866
-1.857 -0.849
-1.848 -0.805
-1.813 -0.901
-1.868 -0.971
-1.906 -1.029
-1.738 -0.883
-1.779 -0.958
-1.816 -0.914
-1.694 -1.069
-1.697 -0.940
-1.664 -1.138
-1.647 -1.038
-1.722 -1.027
-1.697 -1.029
-1.688 -1.080
-1.706 -1.190
-1.712 -1.078
-1.641 -1.142
-1.624 -1.267
-1.593 -1.141
-1.628 -1.134
-1.574 -1.175
-1.608 -1.246
-1.576 -1.154
-1.476 -1.274
-1.504 -1.351
-1.455 -1.264
-1.478 -1.269
-1.516 -1.398
-1.576 -1.390
-1.383 -1.313
-1.400 -1.361
-1.522 -1.348
-1.488 -1.382
-1.340 -1.467
-1.457 -1.429
-1.361 -1.462
-1.421 -1.473
-1.388 -1.429
-1.289 -1.446
-1.308 -1.337
-1.290 -1.517
-1.321 -1.534
-1.265 -1.533
-1.265 -1.521
-1.183 -1.570
-1.308 -1.520
-1.264 -1.594
-1.243 -1.513
-1.151 -1.634
-1.153 -1.636
-1.203 -1.541
-1.200 -1.703
-1.065 -1.614
-1.095 -1.619
-1.217 -1.649
-1.097 -1.629
-1.003 -1.718
-1.086 -1.767
-1.008 -1.738
-1.034 -1.577
-1.045 -1.701
-0.942 -1.743
-0.984 -1.732
-0.932 -1.752
-0.943 -1.833
-0.940 -1.766
-0.878 -1.770
-0.847 -1.855
-0.858 -1.836
-0.906 -1.817
-0.761 -1.800
-0.804 -1.886
-0.792 -1.836
-0.845 -1.893
-0.702 -1.877
-0.758 -1.854
-0.790 -1.907
-0.703 -1.835
-0.650 -1.825
-0.718 -1.892
-0.586 -1.863
-0.647 -1.875
-0.510 -1.944
-0.565 -1.914
-0.586 -1.919
-0.566 -1.922
-0.534 -1.953
-0.566 -1.995
-0.471 -1.947
-0.459 -1.922
-0.438 -1.892
-0.441 -1.962
-0.426 -1.862
-0.378 -2.027
-0.308 -1.962
-0.283 -2.013
-0.344 -1.941
-0.266 -1.938
-0.329 -2.030
-0.244 -1.980
-0.212 -1.961
-0.155 -1.995
-0.207 -2.038
-0.182 -1.966
-0.106 -1.949
-0.141 -2.022
-0.156 -2.006
-0.169 -1.965
-0.150 -2.070
-0.074 -1.937
-0.123 -1.991
-0.077 -1.996
0.062 -2.072
0.116 -2.048
0.017 -1.952
0.010 -2.015
0.066 -2.070
0.042 -2.047
0.155 -2.075
0.039 -1.981
0.227 -2.062
0.159 -1.964
0.114 -1.920
0.188 -2.022
0.271 -1.887
0.273 -1.946
0.235 -1.913
0.368 -2.076
0.316 -1.961
0.372 -2.075
0.389 -2.015
0.466 -1.920
0.437 -1.942
0.386 -1.932
0.413 -2.011
0.491 -2.053
0.494 -1.879
0.528 -1.906
0.520 -1.921
0.511 -1.964
0.485 -1.910
0.591 -1.947
0.626 -1.909
0.620 -1.962
0.620 -1.858
0.679 -1.867
0.691 -1.946
0.788 -1.833
0.726 -1.771
0.701 -1.800
0.622 -1.817
0.797 -1.901
0.766 -1.826
0.824 -1.884
0.795 -1.843
0.779 -1.870
0.801 -1.815
0.945 -1.760
0.904 -1.759
0.874 -1.780
0.892 -1.740
0.866 -1.722
0.920 -1.694
0.975 -1.715
0.896 -1.752
1.022 -1.734
0.992 -1.703
1.074 -1.748
1.073 -1.707
1.113 -1.630
1.128 -1.602
1.033 -1.675
1.117 -1.681
1.192 -1.566
1.126 -1.622
1.177 -1.671
1.191 -1.639
1.207 -1.599
1.200 -1.557
1.181 -1.556
1.295 -1.490
1.231 -1.542
1.164 -1.514
1.292 -1.561
1.264 -1.529
1.236 -1.471
1.340 -1.557
1.322 -1.489
1.269 -1.420
1.298 -1.372
1.393 -1.469
1.445 -1.354
1.389 -1.363
1.425 -1.364
1.452 -1.290
1.454 -1.261
1.481 -1.360
1.463 -1.358
1.599 -1.303
1.511 -1.297
1.437 -1.304
1.431 -1.300
1.531 -1.218
1.652 -1.200
1.557 -1.264
1.588 -1.130
1.622 -1.074
1.683 -1.112
1.575 -1.227
1.689 -1.179
1.661 -1.052
1.676 -1.164
1.700 -1.179
1.730 -1.093
1.626 -1.002
1.758 -1.027
1.711 -1.035
1.745 -1.015
1.778 -0.982
1.729 -0.961
1.687 -0.887
1.761 -0.852
1.746 -0.973
1.850 -0.894
1.893 -0.813
1.848 -0.853
1.819 -0.808
1.847 -0.815
1.870 -0.836
1.826 -0.793
1.862 -0.699
1.841 -0.805
1.871 -0.734
1.816 -0.731
1.823 -0.699
1.844 -0.641
1.975 -0.615
1.893 -0.623
1.888 -0.632
1.874 -0.539
1.806 -0.612
1.915 -0.501
1.999 -0.572
1.951 -0.509
1.979 -0.482
1.862 -0.376
1.993 -0.487
2.001 -0.519
1.979 -0.465
1.940 -0.461
1.931 -0.349
1.945 -0.340
1.957 -0.312
1.993 -0.282
2.004 -0.340
1.993 -0.194
2.028 -0.348
2.011 -0.300
2.009 -0.235
2.085 -0.219
2.001 -0.254
1.951 -0.209
2.016 -0.186
2.021 -0.119
2.026 -0.065
1.959 -0.094
1.956 0.030
2.125 -0.039
2.106 -0.053
2.004 -0.013
1.976 0.103
1.999 -0.001
2.012 0.085
2.044 0.046
1.982 0.151
2.014 0.174
2.034 0.110
1.945 0.078
1.972 0.177
2.025 0.255
1.949 0.230
2.052 0.237
1.981 0.233
1.934 0.303
1.874 0.275
1.972 0.337
1.996 0.342
2.066 0.367
1.988 0.331
2.030 0.399
1.975 0.330
1.895 0.416
1.973 0.480
1.944 0.486
1.963 0.537
1.940 0.549
1.993 0.577
1.952 0.532
1.964 0.599
1.970 0.528
1.802 0.599
1.912 0.562
1.862 0.663
1.825 0.684
1.903 0.626
1.885 0.726
1.943 0.668
1.901 0.738
1.924 0.703
1.924 0.871
1.872 0.765
1.858 0.768
1.797 0.825
1.778 0.833
1.901 0.847
1.867 0.862
1.777 0.878
1.793 0.868
1.691 0.873
1.637 0.945
1.685 0.993
1.694 0.878
1.717 1.042
1.673 0.971
1.652 0.958
1.773 1.103
1.649 1.078
1.627 1.182
1.640 1.048
1.565 1.145
1.549 1.096
1.556 1.217
1.583 1.104
1.637 1.130
1.634 1.141
1.553 1.134
1.519 1.233
1.479 1.288
1.538 1.302
1.569 1.314
1.457 1.362
1.437 1.366
1.450 1.286
1.450 1.287
1.391 1.453
1.471 1.386
1.490 1.367
1.403 1.441
1.400 1.381
1.459 1.370
1.413 1.483
1.257 1.381
1.331 1.439
1.352 1.421
1.365 1.559
1.321 1.530
1.364 1.533
1.346 1.512
1.311 1.559
1.294 1.556
1.248 1.656
1.255 1.720
1.174 1.585
1.178 1.608
1.210 1.678
1.087 1.578
1.157 1.565
1.098 1.630
1.010 1.600
1.060 1.591
1.186 1.667
1.039 1.633
0.987 1.696
1.072 1.840
0.977 1.662
0.968 1.657
0.931 1.755
0.926 1.682
0.991 1.731
0.846 1.736
0.913 1.843
0.887 1.754
0.838 1.840
0.868 1.785
0.774 1.922
0.835 1.820
0.673 1.836
0.745 1.834
0.751 1.790
0.630 1.847
0.721 1.776
0.705 1.905
0.596 1.853
0.720 1.773
0.638 1.875
0.552 1.863
0.548 1.876
0.583 1.948
0.535 1.904
0.561 1.901
0.527 1.894
0.600 2.001
0.411 2.010
0.456 1.984
0.512 1.958
0.415 1.961
0.496 2.015
0.388 1.980
0.409 1.938
0.409 1.907
0.253 1.939
0.256 1.952
0.324 2.002
0.273 1.918
0.210 1.924
0.224 2.022
0.181 2.002
0.181 1.954
0.144 2.084
0.132 2.018
0.161 2.005
0.099 1.957
0.139 1.931
0.205 2.018
0.086 1.948
0.004 2.010
-0.002 1.939
0.030 1.965
-0.128 2.019
-0.097 1.965
-0.003 1.966
-0.088 1.991
-0.196 1.947
-0.076 2.007
-0.222 1.980
-0.152 2.053
-0.196 2.013
-0.142 1.972
-0.222 2.032
-0.277 1.880
-0.239 1.909
-0.353 2.073
-0.295 1.963
-0.371 1.933
-0.302 1.999
-0.355 2.043
-0.438 1.971
-0.368 1.966
-0.373 1.997
-0.345 1.964
-0.462 2.020
-0.471 1.889
-0.465 1.976
-0.515 1.869
-0.616 2.041
-0.573 1.907
-0.612 1.889
-0.578 2.000
-0.547 1.872
-0.756 1.859
-0.692 1.930
-0.584 1.967
-0.631 1.885
-0.741 1.829
-0.773 1.751
-0.767 1.796
-0.829 1.876
-0.877 1.793
-0.916 1.819
-0.838 1.832
-0.819 1.808
-0.863 1.775
-0.796 1.800
-0.842 1.675
-0.847 1.803
-0.884 1.743
-0.977 1.795
-1.032 1.795
-0.965 1.700
-1.073 1.783
-0.997 1.689
-1.070 1.711
-1.061 1.736
-1.083 1.684
-1.124 1.669
-1.234 1.636
-1.093 1.656
-1.180 1.615
-1.122 1.668
-1.190 1.534
-1.174 1.558
-1.187 1.548
-1.227 1.515
-1.239 1.576
-1.216 1.577
-1.289 1.624
-1.231 1.607
-1.307 1.517
-1.330 1.489
-1.332 1.478
-1.309 1.411
-1.268 1.482
-1.301 1.426
-1.408 1.395
-1.414 1.480
-1.435 1.425
-1.385 1.471
-1.460 1.418
-1.434 1.407
-1.450 1.356
-1.471 1.358
-1.446 1.430
-1.553 1.430
-1.486 1.246
-1.573 1.402
-1.502 1.301
-1.573 1.308
-1.582 1.165
-1.588 1.235
-1.651 1.167
-1.571 1.255
-1.682 1.130
-1.657 1.094
-1.677 1.141
-1.623 1.207
-1.701 1.116
-1.614 1.030
-1.652 1.134
-1.741 0.973
-1.814 1.090
-1.687 0.957
-1.744 0.984
-1.769 0.952
-1.831 1.004
-1.766 0.914
-1.750 0.973
-1.781 0.903
-1.832 0.877
-1.830 0.929
-1.849 0.806
-1.812 0.916
-1.872 0.838
-1.845 0.772
-1.832 0.862
-1.911 0.813
-1.902 0.742
-1.880 0.771
-1.829 0.710
-1.880 0.645
-1.844 0.640
-1.916 0.682
-1.921 0.664
-1.852 0.608
-1.860 0.590
-1.848 0.574
-1.844 0.571
-1.936 0.474
-1.927 0.594
-1.922 0.476
-1.986 0.452
-1.925 0.480
-2.022 0.439
-2.041 0.398
-1.902 0.343
-1.970 0.433
-2.042 0.402
-2.045 0.311
-1.905 0.227
-1.976 0.412
-2.052 0.327
-1.996 0.290
-1.987 0.335
-2.049 0.284
-1.916 0.139
-2.093 0.185
-2.036 0.202
-2.054 0.127
-1.968 0.142
-1.993 0.007
-1.906 0.161
-1.995 0.104
-1.995 0.034
-1.985 0.091
-2.006 -0.093
-2.005 0.087
-2.048 -0.029
-2.000 0.035
-1.964 -0.015
-1.972 -0.106
-2.016 -0.127
-2.080 -0.096
-2.011 -0.126
-2.007 -0.129
-2.001 -0.129
-2.037 -0.225
-2.093 -0.383
-1.953 -0.253
-1.946 -0.272
-1.984 -0.298
-1.929 -0.317
-2.004 -0.410
-1.988 -0.273
-1.884 -0.358
-2.065 -0.354
-2.034 -0.354
-2.008 -0.474
-1.969 -0.448
-1.941 -0.474
-1.960 -0.488
-1.908 -0.623
-1.837 -0.476
-1.982 -0.523
-1.937 -0.637
-1.916 -0.636
-1.853 -0.562
-1.845 -0.625
-1.914 -0.671
-1.990 -0.621
-1.803 -0.754
-1.870 -0.680
-1.865 -0.756
-1.926 -0.804
-1.876 -0.627
-1.848 -0.702
-1.860 -0.851
-1.881 -0.822
-1.850 -0.822
-1.855 -0.824
-1.756 -0.824
-1.847 -0.912
-1.739 -0.838
-1.752 -0.898
-1.729 -0.926
-1.775 -0.960
-1.685 -0.943
-1.764 -1.060
-1.720 -0.946
-1.701 -0.969
-1.620 -1.008
-1.697 -1.079
-1.671 -1.048
